experiment stats 
prior rmse, post rmse, prior ubrmse, post ubrmse, prior corrcoef, post corrcoef 
lai: (2.5170216824134641, 0.59509126993175665, 0.75380712788697313, 0.37022059954070741, 0.93047243620369846, 0.98502591114394589) 
sm: (0.079685410908020143, 0.13682792097010316, 0.061419965953067257, 0.1067550512166779, -0.69011751588533965, -0.0087479846842127475) 
canht: (0.24170523152894011, 0.24268013830007479, 0.10217101610449515, 0.10637786388241381, 0.95357117604965924, 0.9513841205987702) 
